Animaciones Diokol/data/alt_cr.asc
ncols 444
nrows 408
xllcorner -86.1999999999967
yllcorner 7.89999999999671
cellsize 0.00833333333333299
NODATA_value  -9999
[rows 76 to 113 of 408, columns 84 to 167 of 444]
88 105 115 129 137 151 144 185 214 230 236 239 256 291 288 315 326 353 324 363 358 362 367 379 391 378 360 370 388 382 401 423 403 395 438 444 449 446 462 475 515 593 637 700 699 661 571 475 455 439 460 520 593 698 828 1032 1224 1439 1620 1488 1323 1170 1062 955 723 577 416 433 409 312 325 188 167 122 81 83 62 59 55 59 57 56 55 58
91 104 116 124 131 137 158 163 183 213 209 224 244 276 263 290 314 329 300 332 341 326 334 341 358 335 354 357 346 384 406 379 351 341 384 402 423 450 474 479 490 502 555 557 559 513 462 394 411 439 473 535 618 682 878 962 1075 1211 1198 1312 1199 1087 936 919 665 634 456 515 419 377 270 226 165 134 159 133 96 61 60 58 57 58 58 58
88 110 119 121 124 132 144 158 168 182 200 210 214 242 233 261 291 294 291 300 308 300 307 317 315 284 353 339 349 329 346 361 319 321 355 395 367 404 426 404 433 444 474 465 467 400 376 359 400 433 499 553 593 675 774 835 963 1023 1095 1181 1070 1016 903 861 738 619 482 568 534 441 370 291 225 264 217 177 140 95 78 76 76 69 66 72
101 114 116 120 126 132 136 151 156 170 178 193 204 226 252 258 259 262 272 290 297 283 277 277 290 279 305 322 326 312 321 319 328 267 313 341 338 332 370 363 387 379 397 381 390 361 330 384 401 433 488 544 603 651 701 774 841 895 974 1030 985 914 811 737 653 555 481 552 704 533 392 317 342 356 310 272 257 176 109 124 111 90 91 80
110 113 111 118 125 131 137 149 151 159 163 183 182 179 231 219 245 246 270 257 216 240 246 249 240 257 246 271 283 279 273 276 288 250 270 289 322 294 345 339 314 336 335 337 341 343 358 371 408 433 452 565 567 604 640 663 742 811 904 1011 999 937 774 704 711 765 615 569 741 598 509 444 404 366 323 308 258 255 197 177 153 160 131 146
109 112 113 115 123 132 137 143 145 149 159 169 179 182 195 197 189 216 216 225 233 178 238 196 207 196 220 228 226 235 225 253 262 276 231 264 267 259 272 322 277 312 294 309 292 323 356 385 392 398 491 513 542 563 571 670 707 782 910 1009 1011 1015 840 831 872 746 589 634 803 732 625 524 442 374 323 266 247 228 240 246 231 179 240 229
109 111 114 118 123 128 135 139 144 145 151 159 166 173 179 188 170 212 208 206 195 183 208 182 175 197 181 184 193 197 194 219 237 249 224 232 265 253 249 264 248 253 243 262 296 318 357 360 375 413 458 470 498 519 560 601 663 783 873 952 967 976 997 995 928 747 695 736 801 835 628 584 529 453 363 325 270 280 275 261 236 258 320 346
110 107 113 115 121 129 134 136 137 137 137 147 156 166 172 174 145 182 189 203 179 162 180 139 139 133 180 157 191 171 164 175 209 241 210 211 233 231 236 254 250 232 243 232 258 306 338 349 382 383 423 428 478 585 588 636 712 802 890 998 1010 1086 1135 1130 1007 833 897 856 772 864 754 706 605 497 426 350 359 335 344 321 293 372 420 436
104 108 108 114 117 129 132 133 134 136 136 138 148 147 146 134 166 177 193 187 206 145 170 111 131 125 138 132 186 173 142 157 190 253 222 183 207 225 224 226 222 218 226 200 224 327 310 343 361 382 402 418 519 639 631 710 742 803 876 925 979 1013 1051 1056 1085 1034 919 834 751 658 796 758 645 563 484 418 448 398 393 397 356 319 393 516
124 117 104 113 120 130 126 127 128 127 133 131 134 143 125 158 150 165 190 154 145 127 147 99 116 121 122 121 142 159 155 156 191 232 242 255 207 235 219 217 208 208 205 195 250 307 290 326 344 357 409 400 469 554 638 735 746 789 869 890 926 865 896 905 995 941 916 906 768 654 660 680 669 607 532 514 491 511 569 455 508 396 456 479
127 102 112 116 120 130 131 124 125 124 131 129 130 133 116 140 146 146 160 148 114 114 117 91 96 105 114 117 138 135 175 154 179 225 231 213 203 228 238 194 204 174 180 181 279 280 265 305 321 331 372 422 472 568 652 684 725 763 811 824 810 746 779 843 887 895 839 862 791 652 639 640 696 722 600 598 629 564 628 579 567 525 497 507
111 107 113 114 125 132 128 121 122 127 122 123 126 115 135 135 139 129 155 132 136 113 136 100 97 102 117 122 136 157 156 173 180 199 195 206 180 224 208 189 173 168 188 147 212 257 278 281 297 326 338 409 401 519 577 598 653 720 786 754 744 700 637 750 767 842 737 737 796 727 679 704 706 761 717 678 720 654 693 654 634 524 616 592
141 109 118 120 130 127 121 121 125 126 123 124 122 118 124 129 122 127 127 134 137 108 139 107 108 102 105 109 109 146 142 136 164 179 171 174 179 177 179 167 163 154 152 126 204 230 258 255 266 282 299 314 392 429 523 526 619 663 665 699 668 657 591 596 677 732 671 617 600 673 667 666 734 759 773 781 765 728 707 670 677 634 663 636
151 117 117 127 129 127 117 128 126 125 137 121 112 118 120 119 111 116 126 128 138 120 107 107 108 92 97 89 118 122 127 132 139 157 162 146 149 138 148 140 133 128 136 142 209 211 227 249 235 253 266 312 366 397 479 497 569 576 589 640 654 632 616 549 552 620 602 577 563 588 557 591 649 701 688 737 789 796 756 733 702 713 715 674
131 134 135 147 142 141 121 126 128 129 136 115 112 117 114 120 107 108 112 119 133 114 100 105 104 99 93 105 110 110 120 124 130 143 146 141 137 132 137 90 120 114 138 126 180 206 219 222 216 231 250 284 329 383 418 451 462 511 601 728 618 612 553 552 548 548 548 563 549 548 547 577 600 586 655 684 739 775 769 721 715 737 754 726
138 151 153 148 153 101 140 130 139 135 139 101 109 108 96 102 102 105 105 108 123 122 112 104 90 70 80 99 103 86 104 111 105 125 129 121 125 109 94 97 115 117 110 170 193 172 187 185 199 215 235 290 336 366 418 410 417 513 573 651 638 683 552 548 547 549 548 549 548 548 549 553 551 594 652 662 710 765 772 774 778 801 783 772
155 163 153 157 155 46 151 153 147 138 117 88 91 93 80 88 87 86 94 100 117 108 90 87 89 68 71 79 83 86 94 94 92 117 84 119 92 77 67 98 101 103 106 167 149 163 178 170 221 223 236 268 296 326 378 415 400 461 535 576 670 716 607 549 549 549 549 549 549 547 548 548 548 546 578 626 690 746 777 799 807 838 824 784
108 170 172 175 67 59 138 144 138 126 94 88 102 92 87 91 76 86 97 103 103 101 92 91 78 63 79 80 79 77 75 85 76 84 77 76 73 70 73 77 69 91 106 139 151 167 178 167 228 228 226 233 308 362 348 376 400 443 497 524 660 698 709 608 593 555 549 549 548 548 548 548 548 548 546 553 644 717 730 783 813 862 843 812
39 166 162 25 33 40 52 150 151 143 85 116 81 114 99 83 79 104 103 104 104 105 97 99 98 61 77 84 89 75 70 77 71 66 66 63 62 64 76 74 59 76 116 120 139 167 178 141 233 195 228 247 275 351 349 357 386 401 466 568 623 668 699 686 674 614 550 549 565 554 547 548 549 548 548 547 547 601 644 750 782 833 836 821
20 61 17 18 17 161 96 155 123 129 110 40 48 111 77 43 101 113 109 114 114 115 98 108 87 64 59 86 83 77 67 66 63 62 59 54 55 58 56 57 53 71 118 97 135 144 115 202 247 234 241 230 295 325 338 381 378 392 472 527 630 630 610 671 687 665 593 567 593 549 548 550 548 548 548 548 547 551 553 654 747 809 842 848
14 13 15 16 14 74 31 21 17 21 35 33 67 49 57 109 130 118 121 123 127 126 122 108 107 75 66 73 74 66 67 56 59 53 56 46 54 57 53 56 61 57 82 73 119 116 174 146 233 259 178 169 248 326 330 389 415 439 494 551 607 551 559 635 702 702 697 690 628 624 636 566 548 550 549 549 551 549 548 597 750 804 819 843
13 13 13 14 12 12 14 13 14 18 27 24 18 23 24 135 128 128 128 128 127 125 124 107 68 77 66 64 70 64 58 51 53 54 48 45 54 55 48 59 49 53 54 72 87 116 135 106 138 180 269 285 306 260 316 384 415 449 497 533 551 503 534 571 639 682 727 731 763 758 766 680 630 643 637 616 553 548 549 555 667 743 765 813
13 12 12 12 10 10 11 12 18 16 22 17 16 19 23 138 130 131 136 138 133 138 134 142 94 51 73 48 57 63 67 47 47 50 48 46 46 49 46 45 55 48 57 53 66 67 72 125 105 130 173 285 310 318 327 379 403 434 490 488 497 493 491 551 581 630 690 731 769 835 854 764 770 831 850 743 624 569 552 546 623 657 675 703
11 12 11 10 8 9 10 13 14 16 17 17 15 18 14 92 150 159 155 148 143 126 137 136 115 95 33 48 57 55 44 52 45 45 45 38 42 43 41 44 43 47 43 51 62 57 66 73 142 110 136 276 319 323 332 327 420 432 401 421 390 459 503 544 571 597 695 762 830 887 899 796 852 893 904 906 731 620 554 551 554 591 620 642
12 11 10 10 8 6 10 12 13 14 15 15 15 13 12 12 104 155 120 128 146 132 140 121 97 59 31 57 55 42 42 44 35 33 39 32 35 36 37 38 37 37 40 46 60 52 62 69 97 110 118 163 199 169 207 352 345 398 299 342 371 433 536 530 548 619 647 735 810 843 917 910 948 867 889 913 758 654 553 547 547 544 548 546
11 11 10 11 12 11 9 11 11 12 12 14 14 12 11 8 46 140 103 78 107 113 159 117 45 40 35 54 54 41 40 30 31 30 29 28 33 34 33 33 34 36 37 37 45 50 66 74 125 135 182 222 270 260 281 198 257 239 252 355 330 373 446 524 586 635 682 760 836 899 936 979 910 897 819 806 762 633 559 603 547 548 549 546
12 9 10 12 11 10 9 9 9 9 10 11 12 14 9 7 7 16 35 94 127 104 118 69 66 75 63 43 56 48 45 31 28 29 24 26 27 31 31 28 29 31 33 35 41 54 63 65 76 104 184 208 203 244 214 256 265 275 347 410 373 410 515 551 619 656 694 767 850 935 970 961 873 811 800 709 747 554 629 727 673 643 574 550
12 11 12 12 11 9 10 10 9 9 8 9 10 9 8 6 5 7 17 24 61 149 153 125 130 64 28 25 25 46 45 24 28 36 23 25 24 25 24 26 27 29 30 34 43 48 62 65 80 92 121 138 127 131 148 221 190 199 230 321 427 426 478 543 593 641 704 753 854 960 972 974 907 813 736 639 632 625 713 708 703 758 769 662
13 13 13 13 11 11 10 10 9 9 9 8 7 8 7 6 5 6 9 6 8 13 65 153 162 27 29 22 23 22 19 25 20 22 22 21 21 21 21 23 23 24 27 29 40 53 69 76 87 94 103 176 198 283 336 285 360 357 298 242 303 372 474 510 670 700 708 752 830 883 943 955 926 815 648 671 704 667 767 851 810 844 711 696
15 15 14 14 12 9 10 11 12 10 9 9 7 8 13 5 5 5 5 5 7 7 14 13 22 16 19 28 19 18 17 18 17 15 16 20 20 20 22 21 20 22 25 33 42 50 61 69 75 84 86 162 218 312 338 407 370 470 418 339 263 307 310 401 500 497 620 734 818 913 931 997 943 977 858 751 801 753 799 937 1096 973 923 870
13 14 11 12 11 9 8 10 24 19 11 15 9 6 6 17 5 5 5 4 6 6 11 14 14 30 20 26 19 18 17 15 13 13 14 15 16 19 19 18 20 21 24 30 32 47 53 62 71 89 126 163 162 264 322 354 448 577 486 406 371 336 398 340 402 436 539 596 828 898 968 981 968 1069 960 751 802 956 943 1048 1149 1132 1013 985
11 11 9 9 11 10 8 7 44 88 26 9 6 4 5 8 5 26 5 6 7 6 12 13 10 14 80 47 45 20 24 13 12 11 12 13 15 15 17 15 17 19 24 28 33 42 49 56 66 85 129 127 157 254 216 277 329 463 455 500 556 383 395 526 593 522 447 611 770 866 920 939 961 1116 1036 938 916 1066 1134 1106 1198 1203 1050 860
11 9 8 8 10 9 14 12 18 60 33 15 7 4 10 15 32 14 9 8 11 8 9 12 10 15 137 118 86 83 18 17 21 15 14 13 12 14 14 12 15 20 23 27 34 40 45 46 50 68 85 124 220 192 232 280 298 396 330 427 509 485 473 505 581 634 651 524 657 749 949 912 998 1080 1163 969 828 1070 1085 1140 1166 1309 1190 1086
13 8 8 6 8 9 18 29 15 15 17 19 6 5 5 17 62 55 13 8 13 16 9 7 8 8 19 153 23 88 26 16 52 36 15 12 10 13 15 11 15 18 24 28 31 35 40 40 48 51 61 116 248 190 202 220 216 252 311 418 480 579 606 649 621 683 696 532 636 688 765 877 979 1113 1164 1085 976 947 1099 1088 1128 1226 1292 1222
11 9 8 7 7 10 34 24 24 5 14 12 5 4 5 13 30 17 11 9 39 20 14 7 6 5 7 8 7 12 7 9 8 9 18 9 12 10 10 10 16 20 22 26 27 30 33 37 43 50 61 64 85 228 184 175 254 350 466 485 616 619 653 652 635 801 737 618 801 886 796 865 952 1055 1193 1258 1120 1068 1291 1295 1095 1247 1356 1246
8 8 9 10 10 9 7 15 11 4 6 7 4 18 17 13 15 16 11 12 17 24 33 15 4 4 6 6 4 5 5 6 8 9 7 9 12 9 11 12 16 19 20 20 22 27 30 31 36 48 67 103 155 165 144 242 380 499 565 465 605 620 621 670 701 820 871 701 804 1052 930 796 925 1015 1111 1218 1272 1242 1343 1397 1315 1357 1391 1366
11 9 10 9 17 13 11 8 5 5 6 4 22 81 98 43 60 55 20 15 16 20 32 41 8 5 4 5 6 4 4 5 8 8 6 8 8 8 12 13 15 16 17 17 20 25 28 35 38 41 68 91 116 98 118 262 276 370 451 411 588 599 493 514 667 779 943 817 915 988 946 861 874 1002 1073 1225 1241 1277 1360 1508 1378 1429 1442 1448
10 10 12 10 11 7 21 4 5 11 6 5 5 29 26 19 22 34 67 21 22 28 29 17 11 8 5 6 5 5 5 5 5 7 5 7 5 6 10 12 12 14 15 17 19 22 26 37 40 52 70 73 99 91 207 165 163 221 256 424 532 381 407 451 528 695 709 634 795 1040 1068 943 975 973 993 1056 1133 1209 1335 1467 1449 1433 1495 1509
