Animaciones Diokol/data/alt_cr.asc
ncols 444
nrows 408
xllcorner -86.1999999999967
yllcorner 7.89999999999671
cellsize 0.00833333333333299
NODATA_value  -9999
[rows 152 to 189 of 408, columns 84 to 167 of 444]
205 161 266 349 198 241 372 449 437 467 417 397 505 716 605 574 528 464 436 329 242 282 340 332 303 277 113 84 55 44 35 29 24 18 12 10 10 10 8 7 -9999 -9999 -9999 -9999 -9999 -9999 -9999 -9999 -9999 -9999 -9999 -9999 -9999 -9999 -9999 -9999 -9999 -9999 -9999 -9999 -9999 -9999 -9999 -9999 -9999 -9999 -9999 -9999 -9999 -9999 -9999 -9999 13 7 6 5 5 6 5 7 10 11 11 10
290 446 517 523 327 223 431 474 576 625 549 428 525 699 690 594 565 558 553 299 271 310 383 457 513 456 175 81 63 50 43 38 34 21 17 11 8 10 8 5 -1 -9999 -9999 -9999 -9999 -9999 -9999 -9999 -9999 -9999 -9999 -9999 -9999 -9999 -9999 -9999 -9999 -9999 -9999 -9999 -9999 -9999 -9999 -9999 -9999 -9999 -9999 -9999 -9999 -9999 -9999 -9999 -9999 7 11 4 4 7 5 7 10 10 8 10
247 417 535 659 362 280 391 435 635 630 685 487 564 748 753 614 542 532 416 304 274 330 454 578 549 386 161 91 124 61 118 68 44 36 27 17 13 8 11 12 7 0 -9999 -9999 -9999 -9999 -9999 -9999 -9999 -9999 -9999 -9999 -9999 -9999 -9999 -9999 -9999 -9999 -9999 -9999 -9999 -9999 -9999 -9999 -9999 -9999 -9999 -9999 -9999 -9999 -9999 -9999 -9999 -9999 18 14 16 17 6 5 8 7 5 4
273 404 598 699 451 269 335 342 381 507 694 667 711 715 774 664 575 451 379 322 277 301 351 491 221 207 117 236 187 70 131 222 207 100 42 24 17 9 8 8 13 11 0 -9999 -9999 -9999 -9999 -9999 -9999 -9999 -9999 -9999 -9999 -9999 -9999 2 0 -1 -9999 -9999 -9999 -9999 -9999 -9999 -9999 -9999 -9999 -9999 -9999 -9999 -9999 -9999 -9999 -9999 -9999 -9999 11 14 13 4 5 6 4 17
292 475 619 660 498 208 217 299 356 388 512 786 746 678 669 621 571 513 507 517 469 366 411 488 421 410 387 241 123 86 148 373 304 73 55 37 26 15 12 11 11 9 8 0 -9999 -9999 -9999 -9999 -9999 -9999 -9999 2 2 -1 -9999 -9999 -9999 -9999 -9999 -3 -1 0 -9999 -9999 -9999 -9999 -9999 -9999 -9999 -9999 -9999 -9999 -9999 -9999 -9999 -9999 -9999 -9999 -9999 14 17 23 12 13
376 523 599 514 365 267 172 369 329 428 499 516 619 559 652 635 584 547 484 572 543 469 486 315 347 496 535 266 147 128 410 342 261 193 55 108 62 28 17 22 17 15 11 4 6 5 -9999 -9999 -9999 -9999 -9999 49 57 6 -2 -9999 -9999 -9999 -9999 -9999 -9999 4 0 18 1 -9999 -9999 -9999 -9999 -9999 -9999 -9999 -9999 -9999 -9999 -9999 -9999 -9999 -9999 -9999 -9999 -9999 13 11
454 507 615 705 446 319 235 239 224 262 464 507 527 520 553 638 527 446 482 545 418 244 394 254 381 554 503 349 294 239 410 291 94 104 143 62 30 29 23 24 20 16 9 9 6 6 -1 -4 -9999 -9999 -4 1 -2 2 -9999 -9999 -9999 -9999 -9999 -9999 -9999 -9999 -9999 -9999 -9999 -9999 -9999 -9999 -9999 -9999 -9999 -9999 -9999 -9999 -9999 -9999 -9999 -9999 8 9 9 0 0 0
333 336 575 518 480 247 145 219 391 530 541 576 556 319 256 504 377 417 438 267 217 181 202 225 300 479 584 525 440 477 456 216 95 79 66 45 47 35 57 40 43 99 45 69 23 9 9 4 6 4 0 0 1 3 -4 -9999 -9999 -9999 -9999 -9999 -9999 -9999 -9999 -9999 -9999 -9999 -9999 -9999 -9999 -9999 -9999 -9999 -9999 -9999 -9999 -9999 -9999 -9999 -9999 -9999 9 -9999 -9999 -9999
247 295 313 409 452 291 131 141 335 571 529 727 753 337 236 396 331 306 182 259 127 131 217 307 318 426 550 616 481 429 345 204 126 84 79 72 49 62 166 55 132 114 84 44 28 13 8 16 7 8 9 37 33 24 10 6 -1 -9999 -9999 -9999 -9999 -9999 -9999 -9999 -9999 -9999 -9999 -9999 -9999 -9999 -9999 -9999 -9999 -9999 -9999 -9999 -9999 -9999 -9999 -9999 -9999 -9999 -9999 -9999
314 402 378 466 500 296 171 181 345 401 275 528 685 285 219 360 421 210 151 131 114 185 409 520 659 704 824 818 459 257 171 141 111 138 217 72 56 63 295 273 307 112 51 51 59 58 41 49 140 22 155 339 249 35 41 10 9 0 -9999 -9999 -9999 -9999 -9999 -9999 -9999 -9999 -9999 -9999 -9999 -9999 -9999 7 3 -9999 -9999 -9999 -9999 -9999 -9999 -9999 -9999 -9999 -9999 -9999
224 258 315 367 507 358 269 169 157 193 197 513 602 379 182 228 219 168 97 102 108 209 279 583 621 653 807 818 430 333 309 394 269 475 297 96 87 75 250 247 272 177 121 114 197 152 126 170 207 309 272 378 487 308 54 24 9 6 -2 -9999 -9999 -9999 -9999 -9999 -9999 -9999 -9999 -9999 -9999 -9999 9 18 0 -9999 -9999 -9999 -9999 -9999 -9999 -9999 -9999 -9999 -9999 -9999
253 347 465 530 423 287 171 116 108 186 240 481 423 311 216 103 286 201 97 102 148 239 431 571 552 667 722 597 649 653 606 501 435 404 145 260 183 150 149 265 269 307 296 252 234 147 151 107 142 148 214 315 425 343 158 34 28 32 11 -2 2 8 -1 -1 -1 -3 2 6 -9999 -9999 71 85 58 -9999 -9999 -9999 -9999 -9999 -9999 -9999 -9999 -9999 -9999 -9999
318 406 419 553 370 205 138 112 94 215 388 450 384 274 144 132 230 72 91 169 342 312 573 614 536 553 495 536 629 530 407 378 498 476 370 250 181 131 168 353 372 382 371 318 176 193 164 86 98 321 325 347 284 153 145 37 239 151 40 15 17 19 60 68 49 62 46 28 0 0 -9999 -9999 -9999 -9999 -9999 -9999 -9999 -9999 -9999 -9999 -9999 -9999 -9999 -9999
236 334 445 476 292 226 97 74 58 67 189 164 250 170 122 124 77 141 176 309 268 380 505 601 586 521 378 409 395 465 185 215 406 463 213 170 127 103 86 147 249 371 249 246 147 117 158 79 138 232 298 337 177 170 68 48 322 210 51 43 24 50 52 162 147 143 147 100 51 18 -9999 -9999 -9999 -9999 -9999 -9999 -9999 -9999 -9999 -9999 -9999 -9999 -9999 -9999
375 428 416 406 393 262 246 87 61 66 45 54 52 68 64 66 102 300 293 212 164 317 307 681 778 485 413 465 280 150 222 148 123 318 180 172 264 150 86 168 290 271 144 231 125 78 94 77 312 345 461 458 305 110 58 57 175 212 135 89 56 84 145 236 219 181 167 94 62 -4 -9999 -9999 -9999 -9999 -9999 -9999 -9999 -9999 -9999 -9999 -9999 -9999 -9999 -9999
296 290 330 342 325 221 207 93 49 48 173 146 126 145 79 139 258 507 306 81 252 520 480 354 648 565 548 527 410 210 117 138 86 110 123 128 331 195 72 218 315 181 157 181 188 65 120 236 311 434 572 382 233 117 103 76 99 159 99 85 107 169 274 218 199 151 102 71 133 64 -9999 -9999 -9999 -9999 -9999 -9999 -9999 -9999 -9999 -9999 -9999 -9999 -9999 -9999
163 166 185 293 191 138 119 58 35 192 238 313 305 333 437 248 435 426 288 77 182 279 287 325 556 608 534 397 317 376 440 237 118 80 75 81 191 180 175 61 182 121 167 186 201 58 136 182 137 223 276 276 321 228 129 96 167 134 189 175 247 361 296 213 130 72 26 60 -3 -9999 -9999 -9999 -9999 -9999 -9999 -9999 -9999 -9999 -9999 -9999 -9999 -9999 -9999 -9999
73 155 244 301 140 58 21 38 74 116 184 166 209 310 481 322 151 196 287 82 48 211 206 184 343 727 580 561 479 329 324 237 265 86 63 79 149 105 66 49 84 69 86 143 144 53 61 110 142 99 206 307 311 359 197 225 204 189 284 370 510 605 429 307 350 176 36 5 -9999 -9999 -9999 -9999 -9999 -9999 -9999 -9999 -9999 -9999 -9999 -9999 -9999 -9999 -9999 -9999
41 87 106 120 31 16 18 27 42 94 181 254 296 362 355 225 101 156 134 39 80 256 108 233 442 664 569 615 438 287 142 128 286 105 59 57 119 176 127 47 53 130 49 44 51 66 66 65 68 131 151 136 290 358 293 260 246 279 365 443 336 433 417 398 267 221 92 24 -15 -9999 -9999 -9999 -9999 -9999 -9999 -9999 -9999 -9999 -9999 -9999 -9999 -9999 -9999 -9999
11 -9999 12 31 24 30 94 127 40 174 235 258 250 185 185 129 109 165 131 29 28 193 113 135 315 563 703 523 327 220 99 74 53 61 61 51 98 119 141 89 42 46 41 136 187 213 196 79 80 81 105 102 339 349 338 301 395 442 328 327 240 203 125 122 89 91 25 87 59 -7 -9999 -9999 -9999 -9999 -9999 -9999 -9999 -9999 -9999 -9999 -9999 -9999 -9999 -9999
-9999 -9999 35 87 90 0 -9999 -9999 25 54 151 101 55 149 87 21 56 131 61 68 31 158 69 114 281 402 448 356 206 143 121 58 52 48 130 62 45 40 95 39 39 136 136 254 268 149 358 305 176 261 260 191 266 340 447 488 681 527 484 279 250 230 180 123 91 66 39 28 26 2 1 -9999 -9999 -9999 -9999 -9999 -9999 -9999 -9999 -9999 -9999 -9999 -9999 -9999
-9999 -9999 -9999 4 46 -9999 -9999 -9999 -9999 98 95 23 1 231 47 18 44 23 20 25 23 26 37 211 258 213 466 340 199 107 65 51 49 42 98 186 88 42 41 33 175 273 210 303 449 354 438 348 281 371 343 336 423 335 389 529 587 538 500 428 417 321 331 215 201 109 83 15 10 39 -9999 -9999 -9999 -9999 -9999 9 -9999 -9999 -9999 -9999 -9999 -9999 -9999 -9999
-9999 -9999 -9999 -9999 -9999 -9999 -9999 -9999 -9999 -9999 -9999 -9999 -9999 -9999 -9999 71 92 24 9 46 17 19 73 205 102 174 315 325 141 71 49 44 30 57 197 198 82 38 50 147 329 190 280 319 410 506 578 459 477 401 461 414 335 358 426 596 579 502 417 290 277 277 289 282 206 168 97 6 8 -9999 -9999 -9999 -9999 0 28 0 -9999 -9999 -9999 -9999 -9999 -9999 -9999 -9999
-9999 -9999 -9999 -9999 -9999 -9999 -9999 -9999 -9999 -9999 -9999 -9999 -9999 -9999 -9999 -9999 -9999 -9999 5 9 20 20 161 125 152 129 214 214 89 134 79 39 33 85 117 134 63 32 36 136 124 79 228 306 376 393 427 405 423 329 375 359 273 292 400 597 594 599 577 366 290 150 130 88 117 73 23 16 5 -9999 -9999 -9999 -9999 7 -9999 -9999 -9999 -9999 -9999 -9999 -9999 -9999 -9999 -9999
-9999 -9999 -9999 -9999 -9999 -9999 -9999 -9999 -9999 -9999 -9999 -9999 -9999 -9999 -9999 -9999 -9999 -9999 -9999 5 7 17 51 90 26 32 231 243 216 101 74 35 32 32 30 105 69 31 112 49 59 70 110 248 333 449 400 331 342 271 202 166 229 324 368 426 436 401 504 517 441 506 176 169 59 47 34 12 6 0 0 31 78 100 9 28 3 -9999 -9999 -9999 -9999 -9999 -9999 -9999
-9999 -9999 -9999 -9999 -9999 -9999 -9999 -9999 -9999 -9999 -9999 -9999 -9999 -9999 -9999 -9999 -9999 -9999 -9999 -9999 9 55 73 83 16 70 210 322 283 250 66 35 28 32 30 136 137 32 36 86 222 224 274 330 509 533 377 305 270 134 232 150 334 361 381 334 290 208 270 250 223 230 240 106 63 33 25 27 15 42 59 76 98 102 4 -9999 -9999 4 -9999 -9999 -9999 -9999 -9999 -9999
-9999 -9999 -9999 -9999 -9999 -9999 -9999 -9999 -9999 -9999 -9999 -9999 -9999 -9999 -9999 -9999 -9999 -9999 -9999 -9999 -9999 -9999 -9999 7 15 35 112 134 283 160 70 18 27 33 67 51 69 50 118 302 339 340 563 528 509 467 507 370 211 124 326 310 297 327 406 363 336 254 185 165 190 136 215 175 132 91 39 18 12 13 9 14 10 -9999 -9999 -9999 -9999 -9999 -9999 -9999 -9999 -9999 -9999 -9999
-9999 -9999 -9999 -9999 -9999 -9999 -9999 -9999 -9999 -9999 -9999 -9999 -9999 -9999 -9999 -9999 -9999 -9999 -9999 -9999 -9999 -9999 -9999 -9999 -9999 21 12 125 74 67 18 13 19 30 44 177 29 124 388 364 224 364 595 364 308 483 476 278 117 195 349 372 344 327 348 480 438 303 296 190 115 85 50 63 35 28 24 22 11 11 10 15 -9999 -9999 -9999 -9999 -9999 -9999 -9999 -9999 -9999 -9999 -9999 -9999
-9999 -9999 -9999 -9999 -9999 -9999 -9999 -9999 -9999 -9999 -9999 -9999 -9999 -9999 -9999 -9999 -9999 -9999 -9999 -9999 -9999 -9999 -9999 -9999 -9999 -9999 10 16 25 17 11 9 29 49 123 258 29 106 301 256 153 354 538 174 460 529 392 229 114 284 408 443 411 406 355 321 386 354 320 236 192 134 148 148 78 69 31 58 63 95 -9999 -9999 -9999 -9999 -9999 -9999 -9999 -9999 -9999 -9999 -9999 -9999 -9999 -9999
-9999 -9999 -9999 -9999 -9999 -9999 -9999 -9999 -9999 -9999 -9999 -9999 -9999 -9999 -9999 -9999 -9999 -9999 -9999 -9999 -9999 -9999 -9999 -9999 -9999 -9999 -9999 12 28 10 76 32 48 172 334 217 72 27 100 82 164 225 204 138 342 472 472 219 190 280 421 492 426 413 399 211 214 169 158 118 346 270 335 187 136 104 68 16 18 0 -9999 -9999 -9999 -9999 -9999 -9999 -9999 -9999 -9999 -9999 -9999 -9999 -9999 -9999
-9999 -9999 -9999 -9999 -9999 -9999 -9999 -9999 -9999 -9999 -9999 -9999 -9999 -9999 -9999 -9999 -9999 -9999 -9999 -9999 -9999 -9999 -9999 -9999 -9999 -9999 -9999 -9999 17 84 100 109 81 125 214 89 75 26 30 63 111 107 109 223 462 382 253 136 348 353 416 401 357 386 375 234 134 82 56 38 42 101 185 116 100 67 23 26 84 -9999 -9999 -9999 0 -9999 -9999 -9999 -9999 -9999 -9999 -9999 -9999 -9999 -9999 -9999
-9999 -9999 -9999 -9999 -9999 -9999 -9999 -9999 -9999 -9999 -9999 -9999 -9999 -9999 -9999 -9999 -9999 -9999 -9999 -9999 -9999 -9999 -9999 -9999 -9999 -9999 -9999 -9999 19 23 22 28 34 44 39 26 23 56 66 63 80 91 157 244 345 212 136 103 309 508 414 266 322 385 453 401 205 111 71 33 56 89 74 23 99 113 125 157 -3 -9999 -9999 -9999 3 21 -9999 -9999 -9999 -9999 -9999 -9999 -9999 -9999 -9999 -9999
-9999 -9999 -9999 -9999 -9999 -9999 -9999 -9999 -9999 -9999 -9999 -9999 -9999 -9999 -9999 -9999 -9999 -9999 -9999 -9999 -9999 -9999 -9999 -9999 -9999 -9999 -9999 13 13 7 19 21 28 23 22 15 22 56 63 82 72 83 165 174 210 123 108 97 219 238 152 338 500 489 503 456 314 237 93 29 22 52 12 29 102 151 83 121 23 -9999 -9999 -9999 -9999 -9999 -9999 -9999 -9999 -9999 -9999 -9999 -9999 -9999 -9999 -9999
-9999 -9999 -9999 -9999 -9999 -9999 -9999 -9999 -9999 -9999 -9999 -9999 -9999 -9999 -9999 -9999 -9999 -9999 -9999 -9999 -9999 -9999 -9999 -9999 -9999 -9999 -9999 -9999 -9999 6 9 8 21 8 12 12 25 43 51 53 88 111 130 151 328 265 120 95 112 132 162 297 435 505 367 332 209 273 125 10 28 9 15 25 35 0 -9999 -9999 -9999 -9999 -9999 -9999 -9999 -9999 -9999 -9999 -9999 -9999 -9999 -9999 -9999 -9999 -9999 -9999
-9999 -9999 -9999 -9999 -9999 -9999 -9999 -9999 -9999 -9999 -9999 -9999 -9999 -9999 -9999 -9999 -9999 -9999 -9999 -9999 -9999 -9999 -9999 -9999 -9999 -9999 -9999 -9999 -9999 -9999 -9999 7 12 10 12 15 38 55 137 142 108 78 137 305 329 344 96 96 106 176 135 165 220 313 197 94 111 76 9 0 -9999 -9999 82 181 97 40 -9999 -9999 -9999 -9999 -9999 -9999 -9999 -9999 -9999 -9999 -9999 -9999 -9999 -9999 -9999 -9999 -9999 -9999
-9999 -9999 -9999 -9999 -9999 -9999 -9999 -9999 -9999 -9999 -9999 -9999 -9999 -9999 -9999 -9999 -9999 -9999 -9999 -9999 -9999 -9999 -9999 -9999 -9999 -9999 -9999 -9999 -9999 -9999 -9999 -9999 14 11 11 16 41 126 98 59 61 79 120 250 267 144 99 118 232 206 102 113 132 228 162 80 40 14 0 -9999 -9999 -9999 -9999 294 214 -3 -9999 -9999 -9999 -9999 -9999 -9999 -9999 -9999 -9999 -9999 -9999 -9999 -9999 -9999 -9999 -9999 -9999 -9999
-9999 -9999 -9999 -9999 -9999 -9999 -9999 -9999 -9999 -9999 -9999 -9999 -9999 -9999 -9999 -9999 -9999 -9999 -9999 -9999 -9999 -9999 -9999 -9999 -9999 -9999 -9999 -9999 -9999 -9999 -9999 -9999 -9999 15 10 12 43 61 28 61 64 84 176 161 148 90 142 228 216 94 114 113 205 128 114 65 34 11 0 -9999 -9999 -9999 -9999 -9999 -9999 -9999 -9999 -9999 -9999 -9999 -9999 -9999 -9999 -9999 -9999 -9999 -9999 -9999 -9999 -9999 -9999 -9999 -9999 -9999
-9999 -9999 -9999 -9999 -9999 -9999 -9999 -9999 -9999 -9999 -9999 -9999 -9999 -9999 -9999 -9999 -9999 -9999 -9999 -9999 -9999 -9999 -9999 -9999 -9999 -9999 -9999 -9999 -9999 -9999 -9999 -9999 -9999 -9999 8 31 31 35 52 58 68 106 140 100 116 138 167 216 164 93 159 170 86 66 30 20 33 21 0 -9999 -9999 -9999 -9999 -9999 -9999 -9999 -9999 -9999 -9999 -9999 -9999 -9999 -9999 -9999 -9999 -9999 -9999 -9999 -9999 -9999 -9999 -9999 -9999 -9999
