Animaciones Diokol/data/alt_cr.asc
ncols 444
nrows 408
xllcorner -86.1999999999967
yllcorner 7.89999999999671
cellsize 0.00833333333333299
NODATA_value  -9999
[rows 0 to 37 of 408, columns 84 to 167 of 444]
32 32 32 32 31 32 31 32 32 31 32 32 32 31 32 31 32 32 32 33 33 32 32 33 33 33 33 33 32 33 34 33 34 33 33 33 33 33 33 33 33 33 34 34 33 33 32 32 32 33 32 32 33 32 32 35 34 32 32 31 32 33 34 33 37 33 34 34 36 34 33 32 36 33 35 33 36 39 39 39 38 38 39 36
32 32 34 33 33 33 33 32 32 32 32 31 32 33 31 32 32 33 33 32 33 33 32 33 33 32 34 34 34 33 34 33 33 33 34 34 34 35 35 34 34 34 35 33 34 33 34 31 32 34 34 32 34 33 35 32 34 34 34 35 33 34 33 34 34 33 35 33 34 34 35 36 35 35 37 36 38 36 39 39 35 36 36 39
33 32 34 33 33 32 32 32 32 32 32 32 31 32 32 32 33 33 33 33 32 33 32 33 33 33 34 33 35 34 34 34 34 34 34 34 34 34 33 34 34 34 35 34 34 34 33 33 33 32 33 31 32 32 31 32 33 34 32 34 34 35 36 35 36 34 36 35 34 36 35 36 35 32 36 35 35 36 38 34 31 31 33 34
33 33 33 32 33 33 32 32 32 31 32 32 32 31 32 32 33 32 33 33 32 33 32 33 32 34 33 33 34 34 34 34 35 34 35 35 34 34 34 34 35 34 34 33 34 35 34 34 32 34 32 32 32 32 33 33 36 35 33 35 35 34 37 34 37 34 34 36 34 36 36 34 37 35 35 35 35 34 32 32 30 30 34 38
34 32 32 32 33 33 32 32 32 32 33 32 32 32 32 33 33 32 32 33 33 33 32 33 34 34 33 35 34 34 34 34 35 34 36 34 34 34 34 35 34 34 35 33 34 34 33 33 34 32 32 34 33 33 33 34 33 35 35 35 37 35 35 36 34 35 34 34 35 36 37 33 36 35 35 34 35 35 33 32 31 29 29 33
32 32 32 32 31 32 32 32 33 33 33 32 32 32 32 32 32 33 32 32 33 33 33 33 33 33 34 34 34 33 35 35 35 35 34 35 35 35 34 36 35 35 34 34 33 33 34 33 33 34 32 33 32 33 32 34 33 35 36 34 33 35 34 34 34 34 35 34 34 36 35 35 35 36 36 31 33 34 33 32 33 31 26 24
32 32 32 32 32 32 33 33 33 33 33 33 33 34 32 33 32 32 33 33 33 34 33 34 34 34 34 34 34 33 34 34 35 35 35 34 35 35 34 34 33 33 34 33 34 34 33 34 31 32 31 32 33 35 33 33 33 36 34 33 35 37 35 33 36 37 37 38 37 38 36 35 33 33 33 35 37 33 34 34 38 37 29 23
32 31 32 32 32 31 32 32 32 33 33 34 33 34 33 33 33 33 33 33 33 34 34 33 34 33 33 33 34 35 34 34 34 34 35 35 35 35 34 35 35 34 34 34 34 32 33 35 35 33 33 34 34 33 35 35 34 33 33 34 34 34 35 35 35 35 35 38 34 34 35 35 36 33 34 34 35 33 31 35 32 38 35 31
31 31 32 32 32 32 33 33 33 34 33 33 34 34 33 33 33 34 33 33 33 33 34 33 34 33 33 34 34 34 33 34 34 35 35 35 34 35 34 34 33 33 34 34 34 34 34 34 34 34 33 32 34 34 35 35 34 36 34 34 35 36 36 38 37 36 37 34 35 37 35 35 35 37 33 33 33 36 32 34 35 34 37 34
31 30 31 32 32 32 32 32 33 34 33 33 32 34 34 34 34 34 33 33 33 34 33 34 34 34 33 34 36 34 34 34 34 35 35 35 34 34 35 34 34 34 34 34 35 35 34 35 33 35 36 33 34 34 33 34 34 32 35 34 35 36 35 36 38 32 34 35 36 34 34 33 33 33 35 33 33 34 32 33 33 34 34 33
31 31 32 31 32 33 32 32 32 32 33 33 33 34 34 34 33 34 34 34 34 34 33 34 34 34 35 34 34 35 34 34 33 33 34 34 35 34 35 34 35 34 35 35 34 35 34 35 34 34 33 34 37 35 33 35 33 35 35 36 35 36 34 36 35 35 34 34 35 32 35 35 35 33 34 36 33 33 34 31 36 34 32 36
32 30 31 32 31 32 32 32 32 33 33 33 33 34 33 33 33 34 34 34 35 34 33 33 34 35 33 33 34 34 34 34 35 34 34 35 33 35 34 34 35 34 35 34 35 35 34 34 35 36 34 35 37 35 35 36 31 38 31 42 36 34 36 35 35 35 33 34 34 35 33 36 34 33 34 34 33 35 33 32 36 34 34 31
31 32 30 31 32 32 31 32 32 33 32 33 34 33 34 33 34 34 35 35 34 34 35 34 34 34 34 35 34 33 34 33 34 33 35 33 33 34 34 33 35 35 35 35 36 34 35 35 37 36 34 35 35 35 31 111 78 76 35 35 33 34 30 33 33 36 34 38 33 35 34 35 34 34 39 34 38 36 38 36 35 38 36 31
32 32 32 32 31 31 32 32 33 32 34 33 33 34 34 33 35 34 34 35 34 34 34 35 34 34 34 35 34 35 33 34 34 33 35 34 34 34 34 35 35 35 34 36 35 35 34 36 36 37 36 33 41 52 33 160 120 87 47 32 33 32 35 53 39 39 37 36 30 37 33 39 31 35 36 37 32 35 32 38 36 34 29 34
47 38 35 38 32 34 33 32 33 33 33 33 34 33 34 34 34 34 34 35 35 35 35 35 35 35 34 34 33 33 33 33 34 34 35 34 34 34 34 35 35 35 35 36 35 35 35 34 34 35 34 35 43 33 33 128 139 85 68 38 39 49 83 38 33 35 31 34 33 33 35 32 36 35 33 34 37 36 34 34 30 36 40 39
71 77 45 41 34 34 34 33 32 34 34 33 34 33 33 34 34 34 35 35 35 35 35 35 35 35 34 34 34 34 33 33 34 34 34 34 34 34 34 36 34 34 34 34 36 36 35 35 35 35 37 36 103 30 34 107 80 36 71 39 37 38 38 33 33 36 34 31 34 34 33 34 38 35 37 34 34 35 37 34 36 32 39 34
79 111 51 51 53 46 37 35 34 34 34 35 35 34 33 34 33 33 34 35 34 34 34 33 35 34 35 35 34 34 35 35 35 34 35 35 35 34 34 35 34 34 34 35 33 33 34 33 35 34 33 38 53 37 33 98 31 35 36 33 37 40 40 44 40 38 39 34 34 34 34 35 36 34 34 36 36 36 35 39 36 33 40 36
171 130 65 54 51 48 51 44 37 37 42 46 44 39 37 38 33 36 34 35 34 34 33 34 34 35 34 35 34 35 35 34 36 36 35 35 35 34 34 34 34 35 34 33 34 35 35 35 35 34 35 35 34 36 44 39 33 36 34 34 34 35 38 34 40 39 43 30 37 40 36 37 36 33 34 32 37 37 38 32 35 39 41 34
190 93 101 97 53 53 89 71 43 42 43 52 50 43 49 54 60 41 39 36 33 32 34 35 33 34 35 35 35 35 35 35 35 36 36 36 36 35 34 34 35 34 36 34 36 35 36 35 36 35 34 34 36 34 34 35 34 34 36 33 31 34 34 33 33 38 39 42 42 38 37 35 36 36 38 34 33 35 40 39 34 34 39 29
267 152 105 99 104 68 80 95 68 75 47 57 61 57 52 60 53 47 45 36 37 37 34 34 34 34 34 36 34 35 35 36 35 36 35 36 34 34 35 34 34 34 35 35 34 35 35 34 35 34 36 34 32 36 33 32 35 33 35 32 35 37 36 34 36 37 40 45 33 37 36 36 36 37 38 34 38 35 36 39 34 39 39 28
343 193 140 150 140 85 93 126 102 80 56 64 95 72 78 66 57 50 49 54 45 51 49 48 53 34 37 35 34 35 35 36 35 35 36 33 34 34 35 35 34 34 35 36 34 35 34 34 33 34 34 35 33 34 31 34 34 33 36 34 34 34 37 38 29 35 35 34 40 39 40 36 36 34 37 34 31 33 35 35 36 37 37 30
270 227 154 142 158 103 104 128 92 101 71 74 97 114 107 75 53 60 63 61 54 56 58 52 51 58 37 36 36 34 35 36 36 36 34 34 34 35 35 35 36 36 35 36 35 34 35 34 34 34 34 34 34 34 33 34 33 32 38 33 34 34 34 32 39 36 38 35 40 39 37 34 38 39 36 38 35 34 33 34 37 36 36 40
292 258 161 202 183 146 167 137 140 133 113 203 173 183 153 85 76 74 71 67 87 58 56 60 53 50 48 37 37 36 35 35 35 35 35 35 35 34 35 35 35 36 34 34 36 34 35 35 34 34 33 35 33 34 33 33 35 34 35 33 35 38 36 35 38 35 36 36 35 34 40 37 36 35 35 37 37 41 36 34 34 34 31 39
256 245 252 248 235 257 198 177 157 154 185 189 222 198 169 176 142 94 84 102 104 71 59 62 59 58 47 48 40 34 34 35 34 35 34 33 36 35 35 35 35 35 34 35 34 35 34 33 34 34 33 33 35 34 34 34 34 32 36 35 36 35 36 38 37 36 34 36 37 34 40 33 36 36 35 38 36 37 35 36 35 34 32 39
278 269 278 284 255 289 228 208 189 181 199 242 235 253 188 159 148 219 209 151 106 115 72 75 62 61 60 50 51 44 38 35 37 36 35 36 35 34 34 35 36 36 36 35 34 34 33 33 33 34 32 33 34 34 36 34 34 36 34 35 36 33 36 34 36 35 35 36 34 37 40 31 35 37 38 36 35 37 33 40 34 30 33 30
255 281 298 294 262 283 296 242 276 258 239 250 274 260 210 253 247 265 220 128 143 162 106 78 89 64 54 51 52 52 37 42 42 40 37 36 48 36 35 35 40 36 36 35 32 34 37 35 35 33 33 33 35 34 34 34 35 34 35 35 35 37 35 35 37 37 34 31 38 37 38 36 29 42 37 34 34 38 37 36 34 37 35 41
283 288 295 293 283 293 305 298 274 309 311 297 302 276 244 284 329 272 233 266 248 204 196 167 129 69 55 59 59 45 46 40 40 39 36 35 36 36 36 36 37 36 36 34 35 35 37 36 37 34 34 34 35 35 36 35 34 35 33 32 32 38 31 39 34 35 38 36 35 31 37 36 40 40 36 38 33 36 33 35 36 35 39 28
282 283 288 287 285 297 311 282 272 312 316 302 330 318 307 336 329 329 323 330 240 205 176 110 161 117 65 67 51 50 63 60 41 54 48 35 41 37 36 37 39 37 36 35 36 36 37 37 49 35 34 35 35 33 34 34 38 35 35 40 33 39 40 39 39 40 39 36 36 39 36 34 37 37 37 37 34 35 34 33 34 39 38 21
273 278 286 279 279 281 272 291 275 326 340 326 333 344 327 323 356 343 337 320 272 256 132 129 115 74 97 59 56 53 47 40 40 48 34 35 36 36 37 37 37 35 35 36 37 35 35 36 36 36 35 35 35 35 35 35 34 35 35 34 34 34 40 38 39 40 35 38 39 39 40 36 37 34 39 37 35 34 36 31 34 35 34 34
275 285 277 282 279 282 285 326 341 350 347 358 356 333 330 332 337 355 314 327 290 233 195 210 182 144 97 77 66 58 57 42 36 35 35 35 36 37 38 37 37 36 36 37 36 36 36 36 36 41 36 35 35 34 35 35 34 34 35 34 34 34 35 35 37 40 41 41 39 36 32 35 33 29 39 39 34 32 28 24 22 20 35 34
282 277 283 285 287 302 304 353 374 364 341 370 371 360 351 358 338 353 337 292 281 250 221 204 201 164 128 120 76 55 74 78 39 35 36 36 36 37 38 37 38 37 37 38 36 36 36 36 36 36 36 38 46 35 35 34 34 35 34 52 34 34 34 36 36 35 41 41 36 40 39 34 39 34 39 37 31 20 19 19 20 34 34 35
280 280 292 302 319 320 313 390 395 371 349 376 381 378 344 362 366 336 282 264 249 241 246 184 215 193 183 200 105 118 76 111 103 42 36 36 37 37 38 39 39 38 38 38 37 37 36 36 36 38 40 40 38 37 35 35 35 36 40 35 34 34 35 35 35 35 34 34 34 40 40 38 37 33 34 34 34 35 35 34 35 35 35 36
283 285 301 318 349 349 354 382 414 343 353 392 378 366 372 363 352 322 334 272 304 303 278 210 203 202 187 166 99 170 152 124 110 46 45 40 42 39 39 40 39 39 40 40 39 38 37 36 37 42 41 40 44 39 37 35 35 37 36 39 34 34 35 35 34 34 34 35 34 34 40 40 35 34 34 35 36 35 35 35 36 36 36 35
299 316 320 363 374 416 401 429 463 446 443 447 391 375 377 369 334 337 352 320 319 305 255 223 189 224 182 152 144 161 162 200 135 102 55 49 43 41 40 40 39 39 39 38 41 40 38 40 40 42 41 39 40 45 38 47 38 37 44 38 35 35 35 34 34 34 34 34 35 35 36 35 35 34 35 36 36 36 36 36 36 36 36 35
338 376 414 404 456 427 463 480 500 504 471 473 408 394 393 365 339 339 342 347 331 339 285 254 202 197 178 138 124 206 162 161 174 107 56 49 50 46 42 40 44 41 41 39 39 39 40 39 40 39 38 36 39 44 45 46 50 37 36 37 36 35 34 33 33 35 35 35 36 36 36 35 35 34 35 36 36 36 35 36 36 35 36 36
400 465 515 527 548 520 531 557 542 578 541 460 450 430 408 387 369 357 346 355 341 331 303 253 227 171 156 150 121 139 201 169 189 88 91 55 51 47 44 41 43 44 41 41 40 41 41 41 39 38 38 40 41 43 46 42 38 37 38 36 36 35 35 34 33 34 35 35 36 35 35 35 35 35 35 36 35 36 36 36 36 36 36 36
513 601 655 687 672 619 611 646 659 644 601 521 472 452 408 387 380 372 372 376 401 338 284 267 201 141 97 84 93 103 157 155 141 99 76 59 50 49 48 45 41 44 44 43 43 43 43 41 40 41 42 41 41 41 41 40 38 37 41 37 36 36 36 35 34 35 35 35 35 36 35 34 34 34 35 36 36 36 37 36 36 36 36 36
583 726 875 1068 829 850 790 807 694 673 621 534 476 467 398 408 395 390 377 387 394 344 315 258 210 155 104 84 83 116 132 155 118 112 75 85 74 57 51 46 42 48 44 44 43 42 44 42 44 44 42 42 40 40 40 40 41 41 39 39 36 36 36 35 35 35 34 35 35 35 35 35 35 35 35 36 36 36 36 36 36 37 36 37
