Animaciones Diokol/data/alt_cr.asc
ncols 444
nrows 408
xllcorner -86.1999999999967
yllcorner 7.89999999999671
cellsize 0.00833333333333299
NODATA_value  -9999
[rows 228 to 265 of 408, columns 252 to 335 of 444]
10 9 9 8 11 11 35 29 22 185 216 337 407 607 695 547 695 712 721 701 679 603 771 795 1008 930 908 815 598 594 806 947 936 897 1302 1171 1223 1067 1008 868 742 765 758 825 806 810 841 790 810 811 844 800 782 895 1025 1090 1121 1191 1159 1249 1238 1329 1527 1874 2109 2203 2061 2175 2515 2905 2917 2649 2530 2136 2362 2808 2969 2803 2576 2441 2374 2338 2387 2481
8 7 7 7 10 9 9 18 21 103 137 229 310 418 503 339 463 494 587 682 627 423 442 451 1005 1000 859 810 642 494 557 730 740 871 1240 1341 1294 1191 1124 1088 782 701 738 812 771 749 753 753 752 776 795 755 767 890 907 907 1038 1029 1065 1119 1227 1368 1546 1812 1794 1963 1904 2078 2306 2691 2727 2152 2102 2010 2363 2563 2773 2704 2624 2634 2648 2557 2594 2501
5 5 6 5 5 9 10 19 22 19 30 136 356 475 369 210 220 381 457 659 550 347 286 646 719 850 694 722 602 508 466 531 507 792 1364 1212 1131 1244 1006 945 764 708 749 768 740 749 726 712 730 764 781 730 732 770 746 848 974 955 1052 1071 1214 1402 1357 1538 1666 1785 1660 1922 2121 2422 2359 2146 1797 1715 2174 2209 2636 2969 3057 2923 2909 2780 2595 2423
-9999 -9999 6 5 5 11 18 18 19 17 17 55 197 242 253 126 309 525 372 297 361 270 227 396 606 575 644 697 645 587 394 359 502 733 1057 1258 1127 948 921 905 863 821 693 763 731 713 714 695 714 724 733 711 707 722 741 845 878 937 968 1011 1126 1224 1346 1609 1730 1619 1591 1825 2316 2285 2028 1908 1545 1753 2049 2232 2566 2812 3011 3079 3043 2924 2782 2583
-9999 -9999 -9999 -9999 5 5 14 7 7 9 7 19 61 32 62 69 318 573 436 266 227 246 147 388 519 429 389 449 419 490 323 313 430 562 705 863 877 1032 1067 996 996 828 690 711 695 682 667 680 703 713 709 692 675 700 713 816 825 865 893 960 1050 1165 1390 1474 1635 1427 1454 1951 2186 2195 2094 1447 1513 1744 2090 2361 2324 2452 2776 2974 2955 2999 2828 2686
-9999 -9999 -9999 -9999 -9999 -9999 10 5 6 5 6 4 16 15 19 98 247 568 472 324 214 145 111 228 552 399 339 228 358 435 326 247 240 422 494 497 608 828 1274 1153 1053 882 819 645 632 647 740 724 703 693 693 670 657 666 684 742 812 811 860 925 943 1097 1389 1328 1435 1293 1326 1561 1825 1915 1510 1346 1630 1899 1811 1949 2149 2488 2828 2674 2693 2775 2802 2845
-9999 -9999 -9999 -9999 -9999 -9999 -9999 -9999 -9999 6 25 2 3 12 11 14 122 220 399 334 331 224 83 115 332 511 265 248 177 316 227 181 199 297 384 536 609 792 952 1229 1043 845 781 705 634 694 731 719 697 689 662 658 648 655 712 738 761 768 821 878 820 977 1072 1175 1081 1206 1440 1590 1554 1773 1471 1244 1444 1499 1698 2120 2452 2518 2628 2128 2229 2628 2506 2812
-9999 -9999 -9999 -9999 -9999 -9999 -9999 -9999 -9999 -9999 -9999 -9999 5 5 7 6 8 76 132 190 387 371 120 182 314 561 468 316 227 196 185 141 161 239 376 372 409 683 876 1034 1072 1033 881 806 617 688 717 713 703 680 658 640 625 626 684 715 721 734 777 780 866 916 1002 1032 1043 1283 1261 1421 1329 1393 1438 1139 1250 1605 1802 2039 2030 2000 2272 2040 2069 2066 2388 2753
-9999 -9999 -9999 -9999 -9999 -9999 -9999 -9999 -9999 -9999 -9999 -9999 -9999 -9999 7 16 7 29 84 134 190 196 292 70 392 470 589 243 195 85 89 180 138 174 253 372 436 569 731 830 958 1059 1008 846 690 620 654 712 691 672 649 633 620 609 618 682 678 704 731 743 844 905 976 964 983 1084 1144 1332 1265 1097 1046 1152 1344 1787 1713 1793 1683 1820 2036 1939 1753 1991 2354 2521
-9999 -9999 -9999 -9999 -9999 -9999 -9999 -9999 -9999 -9999 -9999 -9999 -9999 -9999 -9999 -9999 -9999 5 3 13 20 117 186 50 325 409 540 473 254 81 201 147 106 165 191 274 353 503 646 942 994 936 885 877 789 676 606 603 709 670 664 622 617 597 599 631 625 656 716 770 822 873 880 874 864 910 1023 1046 1112 958 997 1211 1361 1528 1472 1546 1591 1718 2008 1669 1628 2002 2105 2070
-9999 -9999 -9999 -9999 -9999 -9999 -9999 -9999 -9999 -9999 -9999 -9999 -9999 -9999 -9999 -9999 -9999 -9999 -9999 3 5 9 13 104 292 279 258 436 253 141 249 228 124 199 255 346 456 646 785 957 923 849 815 805 775 721 657 604 724 660 668 616 604 582 576 591 597 643 706 750 787 816 820 815 773 806 792 924 1103 862 948 1064 1247 1357 1293 1303 1404 1622 1757 1553 1531 1677 1774 1846
-9999 -9999 -9999 -9999 -9999 -9999 -9999 -9999 -9999 -9999 -9999 -9999 -9999 -9999 -9999 -9999 -9999 -9999 -9999 -9999 6 4 10 20 170 181 187 287 61 174 290 226 252 293 244 414 505 620 739 853 1018 907 797 738 722 684 606 661 725 723 648 651 596 575 565 564 575 615 646 696 742 755 757 766 734 736 716 777 839 795 833 933 1007 1089 1150 1171 1284 1461 1410 1350 1351 1664 1622 1720
-9999 -9999 -9999 -9999 -9999 -9999 -9999 -9999 -9999 -9999 -9999 -9999 -9999 -9999 -9999 -9999 -9999 -9999 -9999 -9999 -9999 -9999 3 15 79 99 282 268 209 48 327 327 300 406 370 416 554 680 704 712 1099 975 863 911 747 744 693 615 729 729 706 627 610 567 556 576 560 595 609 652 691 679 717 714 671 658 653 656 736 743 754 773 854 935 985 1034 1114 1169 1169 1253 1466 1611 1481 1531
-9999 -9999 -9999 -9999 -9999 -9999 -9999 -9999 -9999 -9999 -9999 -9999 -9999 -9999 -9999 -9999 -9999 -9999 -9999 -9999 -9999 -9999 -9999 2 19 108 213 274 116 95 164 153 256 324 420 429 515 591 585 626 1117 1007 1080 927 928 862 755 682 615 754 741 653 617 553 545 566 552 582 616 634 642 658 662 650 639 608 623 654 692 717 705 723 786 866 921 968 980 1000 1097 1252 1357 1359 1317 1253
-9999 -9999 -9999 -9999 -9999 -9999 -9999 -9999 -9999 -9999 -9999 -9999 -9999 -9999 -9999 -9999 -9999 -9999 -9999 -9999 -9999 -9999 -9999 -9999 8 60 190 255 12 13 56 65 159 240 293 413 387 417 501 716 1075 1146 1177 1045 1031 949 822 695 702 607 676 750 618 619 586 531 534 606 617 620 609 610 619 616 602 566 605 626 647 676 655 664 750 783 859 860 832 977 1086 1069 1149 1204 1203 1168
-9999 -9999 -9999 -9999 -9999 -9999 -9999 -9999 -9999 -9999 -9999 -9999 -9999 -9999 -9999 -9999 -9999 -9999 -9999 -9999 -9999 -9999 -9999 -9999 -9999 -9999 13 138 83 155 149 128 53 187 182 231 292 376 445 811 1081 1121 1207 1109 1096 979 867 806 740 673 580 642 647 587 712 552 523 603 622 631 588 590 579 587 565 558 577 622 649 655 612 640 673 722 738 790 761 817 895 893 969 1109 1071 1049
-9999 -9999 -9999 -9999 -9999 -9999 -9999 -9999 -9999 -9999 -9999 -9999 -9999 -9999 -9999 -9999 -9999 -9999 -9999 -9999 -9999 -9999 -9999 -9999 -9999 -9999 -9999 10 42 159 318 283 195 72 137 231 313 351 422 560 1013 1067 1118 1028 1055 1029 1002 888 824 777 664 564 554 563 526 541 509 628 638 628 614 585 556 557 523 538 568 599 617 634 652 589 635 685 704 722 724 706 666 750 865 958 928 1002
-9999 -9999 -9999 -9999 -9999 -9999 -9999 -9999 -9999 -9999 -9999 -9999 -9999 -9999 -9999 -9999 -9999 -9999 -9999 -9999 -9999 -9999 -9999 -9999 -9999 -9999 -9999 -9999 33 163 265 355 300 292 242 241 371 501 562 651 789 999 965 895 858 874 768 800 901 869 643 661 724 651 598 558 504 531 519 491 478 489 530 540 508 559 568 587 599 624 612 580 610 645 664 653 683 635 629 792 734 750 815 937
-9999 -9999 -9999 -9999 -9999 -9999 -9999 -9999 -9999 -9999 -9999 -9999 -9999 -9999 -9999 -9999 -9999 -9999 -9999 -9999 -9999 -9999 -9999 -9999 -9999 -9999 -9999 -9999 -9999 -9999 135 161 244 386 409 290 344 444 599 672 786 896 756 761 691 669 872 825 690 679 763 781 777 731 683 622 583 629 575 506 471 538 472 465 518 590 579 582 577 583 502 570 574 585 594 574 601 605 568 581 646 689 731 812
-9999 -9999 -9999 -9999 -9999 -9999 -9999 -9999 -9999 -9999 -9999 -9999 -9999 -9999 -9999 -9999 -9999 -9999 -9999 -9999 -9999 -9999 -9999 -9999 -9999 -9999 -9999 -9999 -9999 -9999 -9999 60 183 384 484 446 294 368 473 601 781 753 585 623 458 757 959 953 850 871 841 839 825 821 753 675 693 670 566 604 666 657 550 450 513 585 550 519 556 574 481 536 533 521 535 539 557 555 534 547 590 649 657 621
-9999 -9999 -9999 -9999 -9999 -9999 -9999 -9999 -9999 -9999 -9999 -9999 -9999 -9999 -9999 -9999 -9999 -9999 -9999 -9999 -9999 -9999 -9999 -9999 -9999 -9999 -9999 -9999 -9999 -9999 -9999 10 136 325 555 516 471 398 435 536 645 719 593 382 431 660 937 1068 1071 979 883 954 930 840 791 805 725 690 696 746 741 671 613 515 432 483 407 486 564 562 445 500 496 502 498 493 492 499 499 516 547 544 584 571
-9999 -9999 -9999 -9999 -9999 -9999 -9999 -9999 -9999 -9999 -9999 -9999 -9999 -9999 -9999 -9999 -9999 -9999 -9999 -9999 -9999 -9999 -9999 -9999 -9999 -9999 -9999 -9999 -9999 -9999 -9999 -9999 139 200 201 322 466 525 534 615 656 696 441 315 478 689 867 1107 1096 1035 980 905 972 889 846 787 805 749 759 770 748 745 665 580 528 418 496 401 498 479 524 512 475 455 464 464 450 460 453 505 527 538 516 541
-9999 -9999 -9999 -9999 -9999 -9999 -9999 -9999 -9999 -9999 -9999 -9999 -9999 -9999 -9999 -9999 -9999 -9999 -9999 -9999 -9999 -9999 -9999 -9999 -9999 -9999 -9999 -9999 -9999 -9999 -9999 -9999 -9999 -9999 4 121 358 303 318 584 489 453 304 362 406 595 745 734 1070 999 889 837 747 769 828 766 770 711 786 721 684 711 707 626 594 599 596 493 408 394 372 485 530 439 428 424 419 429 432 446 485 492 495 518
-9999 -9999 -9999 -9999 -9999 -9999 -9999 -9999 -9999 -9999 -9999 -9999 -9999 -9999 -9999 -9999 -9999 -9999 -9999 -9999 -9999 -9999 -9999 -9999 -9999 -9999 -9999 -9999 -9999 -9999 -9999 -9999 -9999 -9999 -9999 -9999 -9999 114 114 312 280 218 268 479 699 726 736 635 627 866 899 852 759 796 719 746 792 747 689 724 723 708 678 716 696 699 672 602 451 423 364 356 512 413 441 420 412 414 416 409 430 447 455 483
-9999 -9999 -9999 -9999 -9999 -9999 -9999 -9999 -9999 -9999 -9999 -9999 -9999 -9999 -9999 -9999 -9999 -9999 -9999 -9999 -9999 -9999 -9999 -9999 -9999 -9999 -9999 -9999 -9999 -9999 -9999 -9999 -9999 -9999 -9999 -9999 -9999 -9999 70 108 213 154 252 453 466 489 526 365 466 640 1032 975 900 826 743 792 810 790 744 735 741 727 682 703 741 750 744 689 577 554 454 442 358 373 440 449 421 413 399 389 405 418 431 451
-9999 -9999 -9999 -9999 -9999 -9999 -9999 -9999 -9999 -9999 -9999 -9999 -9999 -9999 -9999 -9999 -9999 -9999 -9999 -9999 -9999 -9999 -9999 -9999 -9999 -9999 -9999 -9999 -9999 -9999 -9999 -9999 -9999 -9999 -9999 -9999 -9999 -9999 -9999 0 76 81 146 275 244 308 302 298 296 408 767 1073 959 891 809 813 780 736 751 734 727 736 726 692 700 737 742 695 672 653 577 552 487 393 402 440 439 420 411 383 389 393 416 424
-9999 -9999 -9999 -9999 -9999 -9999 -9999 -9999 -9999 -9999 -9999 -9999 -9999 -9999 -9999 -9999 -9999 -9999 -9999 -9999 -9999 -9999 -9999 -9999 -9999 -9999 -9999 -9999 -9999 -9999 -9999 -9999 -9999 -9999 -9999 -9999 -9999 -9999 -9999 -9999 3 10 51 107 116 248 157 278 398 535 798 973 1078 1012 921 854 813 791 747 625 657 735 707 679 524 634 727 695 683 672 660 574 520 457 347 483 474 423 423 414 376 382 402 403
-9999 -9999 -9999 -9999 -9999 -9999 -9999 -9999 -9999 -9999 -9999 -9999 -9999 -9999 -9999 -9999 -9999 -9999 -9999 -9999 -9999 -9999 -9999 -9999 -9999 -9999 -9999 -9999 -9999 -9999 -9999 -9999 -9999 -9999 -9999 -9999 -9999 -9999 -9999 -9999 -9999 2 9 26 42 65 197 346 523 492 819 911 920 946 972 973 965 860 759 618 561 622 621 527 453 621 731 699 704 639 670 682 559 436 309 393 507 471 431 429 419 380 390 383
-9999 -9999 -9999 -9999 -9999 -9999 -9999 -9999 -9999 -9999 -9999 -9999 -9999 -9999 -9999 -9999 -9999 -9999 -9999 -9999 -9999 -9999 -9999 -9999 -9999 -9999 -9999 -9999 -9999 -9999 -9999 -9999 -9999 -9999 -9999 -9999 -9999 -9999 -9999 -9999 -9999 8 6 16 113 71 220 264 575 783 825 917 880 878 924 1042 983 882 699 593 517 485 474 405 409 477 634 642 677 658 604 606 544 483 338 295 526 483 446 434 438 386 402 394
-9999 -9999 -9999 -9999 -9999 -9999 -9999 -9999 -9999 -9999 -9999 -9999 -9999 -9999 -9999 -9999 -9999 -9999 -9999 -9999 -9999 -9999 -9999 -9999 -9999 -9999 -9999 -9999 -9999 -9999 -9999 -9999 -9999 -9999 -9999 -9999 -9999 -9999 -9999 -9999 -9999 3 5 5 6 102 179 259 398 638 846 930 948 920 892 799 745 714 666 546 558 532 473 405 396 379 376 445 474 571 596 486 473 485 392 319 403 346 338 477 440 414 422 403
-9999 -9999 -9999 -9999 -9999 -9999 -9999 -9999 -9999 -9999 -9999 -9999 -9999 -9999 -9999 -9999 -9999 -9999 -9999 -9999 -9999 -9999 -9999 -9999 -9999 -9999 -9999 -9999 -9999 -9999 -9999 -9999 -9999 -9999 -9999 -9999 -9999 -9999 -9999 -9999 -9999 -9999 -9999 -9999 -9999 104 198 310 375 427 504 696 881 1030 986 899 777 770 773 715 697 712 640 488 422 470 444 493 464 427 400 520 460 456 513 379 340 378 328 404 448 280 431 433
-9999 -9999 -9999 -9999 -9999 -9999 -9999 -9999 -9999 -9999 -9999 -9999 -9999 -9999 -9999 -9999 -9999 -9999 -9999 -9999 -9999 -9999 -9999 -9999 -9999 -9999 -9999 -9999 -9999 -9999 -9999 -9999 -9999 -9999 -9999 -9999 -9999 -9999 -9999 -9999 -9999 -9999 -9999 -9999 -9999 75 118 183 286 495 777 709 717 1113 1051 1020 944 950 951 887 810 925 869 696 558 538 581 725 631 528 467 602 576 552 558 590 540 478 315 250 311 246 487 435
-9999 -9999 -9999 -9999 -9999 -9999 -9999 -9999 -9999 -9999 -9999 -9999 -9999 -9999 -9999 -9999 -9999 -9999 -9999 -9999 -9999 -9999 -9999 -9999 -9999 -9999 -9999 -9999 -9999 -9999 -9999 -9999 -9999 -9999 -9999 -9999 -9999 -9999 -9999 -9999 -9999 -9999 -9999 -9999 -9999 -9999 3 55 79 198 413 633 858 1010 1118 1144 1107 1075 1016 932 991 961 937 836 648 558 471 557 518 378 604 647 645 595 690 731 670 511 388 301 244 240 225 241
-9999 -9999 -9999 -9999 -9999 -9999 -9999 -9999 -9999 -9999 -9999 -9999 -9999 -9999 -9999 -9999 -9999 -9999 -9999 -9999 -9999 -9999 -9999 -9999 -9999 -9999 -9999 -9999 -9999 -9999 -9999 -9999 -9999 -9999 -9999 -9999 -9999 -9999 -9999 -9999 -9999 -9999 -9999 -9999 -9999 -9999 -9999 17 80 157 248 351 518 596 580 505 821 1080 947 913 879 841 734 826 718 610 469 431 399 452 636 678 714 746 839 803 699 583 489 369 338 355 312 339
-9999 -9999 -9999 -9999 -9999 -9999 -9999 -9999 -9999 -9999 -9999 -9999 -9999 -9999 -9999 -9999 -9999 -9999 -9999 -9999 -9999 -9999 -9999 -9999 -9999 -9999 -9999 -9999 -9999 -9999 -9999 -9999 -9999 -9999 -9999 -9999 -9999 -9999 -9999 -9999 -9999 -9999 -9999 -9999 -9999 -9999 -9999 -9999 -9999 105 175 317 302 255 263 376 489 636 986 1012 917 724 770 658 664 572 490 405 466 691 681 703 735 766 851 679 665 521 501 483 436 450 407 360
-9999 -9999 -9999 -9999 -9999 -9999 -9999 -9999 -9999 -9999 -9999 -9999 -9999 -9999 -9999 -9999 -9999 -9999 -9999 -9999 -9999 -9999 -9999 -9999 -9999 -9999 -9999 -9999 -9999 -9999 -9999 -9999 -9999 -9999 -9999 -9999 -9999 -9999 -9999 -9999 -9999 -9999 -9999 -9999 -9999 -9999 -9999 -9999 -9999 57 154 170 167 198 178 257 257 423 640 742 749 931 882 873 680 628 572 517 644 690 693 694 687 700 652 582 539 525 457 491 558 464 380 319
-9999 -9999 -9999 -9999 -9999 -9999 -9999 -9999 -9999 -9999 -9999 -9999 -9999 -9999 -9999 -9999 -9999 -9999 -9999 -9999 -9999 -9999 -9999 -9999 -9999 -9999 -9999 -9999 -9999 -9999 -9999 -9999 -9999 -9999 -9999 -9999 -9999 -9999 -9999 -9999 -9999 -9999 -9999 -9999 -9999 -9999 -9999 -9999 -9999 -9999 63 77 80 91 87 113 215 396 379 489 710 817 993 909 830 766 630 620 712 555 511 482 644 725 662 595 456 407 334 393 456 412 303 257
-9999 -9999 -9999 -9999 -9999 -9999 -9999 -9999 -9999 -9999 -9999 -9999 -9999 -9999 -9999 -9999 -9999 -9999 -9999 -9999 -9999 -9999 -9999 -9999 -9999 -9999 -9999 -9999 -9999 -9999 -9999 -9999 -9999 -9999 -9999 -9999 -9999 -9999 -9999 -9999 -9999 -9999 -9999 -9999 -9999 -9999 -9999 -9999 -9999 -9999 -9999 57 36 56 66 104 173 199 287 537 702 801 851 983 928 872 688 640 606 499 542 474 415 404 426 468 381 379 279 251 291 236 364 355
